PQS 09

...................................................
...................................................
...................................................
...................................................
...................................................
...................................................
...................................................
...................................................
...................................................
...................................................
...................................................
...................................................
...................Q..rrr.rrr..Q...................
...................QQQrRr.rRrQQQ...................
...................Q..rrr.rrr..Q...................
...............sss...............sss...............
...............sSs...............sSs...............
...............sss...............sss...............
...................................................
............QQQ.....................QQQ............
.............Q.......................Q.............
.............Q.......................Q.............
............rrr.......QQQQQQQ.......rrr............
............rRr.......QQQQQQQ.......rRr............
............rrr.......QQ...QQ.......rrr............
......................QQ.x.QQ......................
............rrr.......QQ...QQ.......rrr............
............rRr.......QQQQQQQ.......rRr............
............rrr.......QQQQQQQ.......rrr............
.............Q.......................Q.............
.............Q.......................Q.............
............QQQ.....................QQQ............
...................................................
...............sss...............sss...............
...............sSs...............sSs...............
...............sss...............sss...............
...................Q..rrr.rrr..Q...................
...................QQQrRr.rRrQQQ...................
...................Q..rrr.rrr..Q...................
...................................................
...................................................
...................................................
...................................................
...................................................
...................................................
...................................................
...................................................
...................................................
...................................................
...................................................
...................................................

Q 080 -06,+13 +06,+13 -06,+12 -05,+12 -04,+12 +04,+12 +05,+12 +06,+12 -06,+11 +06,+11 -13,+06 -12,+06 -11,+06 +11,+06 +12,+06 +13,+06 -12,+05 +12,+05 -12,+04 +12,+04 -03,+03 -02,+03 -01,+03 +00,+03 +01,+03 +02,+03 +03,+03 -03,+02 -02,+02 -01,+02 +00,+02 +01,+02 +02,+02 +03,+02 -03,+01 -02,+01 +02,+01 +03,+01 -03,+00 -02,+00 +02,+00 +03,+00 -03,-01 -02,-01 +02,-01 +03,-01 -03,-02 -02,-02 -01,-02 +00,-02 +01,-02 +02,-02 +03,-02 -03,-03 -02,-03 -01,-03 +00,-03 +01,-03 +02,-03 +03,-03 -12,-04 +12,-04 -12,-05 +12,-05 -13,-06 -12,-06 -11,-06 +11,-06 +12,-06 +13,-06 -06,-11 +06,-11 -06,-12 -05,-12 -04,-12 +04,-12 +05,-12 +06,-12 -06,-13 +06,-13
S 004 -09,+09 +09,+09 -09,-09 +09,-09
R 008 -02,+12 +02,+12 -12,+02 +12,+02 -12,-02 +12,-02 -02,-12 +02,-12
