PQS 03

...................................................
.........................................Q.........
.........................................Q.........
.........................................Q.........
...............................Q...sss.......Q.....
...............................Q...sSs.......Q.....
...............................Q...sss.......Q.....
.........Q.........................................
.........Q.........................................
.QQQ.....Q...............................QQQ.......
...................................................
...................................................
...................................................
....sss............................................
....sSs............................................
....sss..................QQQ.......................
...................................................
...................................................
....................Q..............................
....................Q........................Q.....
....................QQQ.......QQQ............Q.....
.....................Q........Q..............Q.....
....rrr..............Q........Q....................
....rRr........Q..................Q................
....rrr........Q..................Q................
...............QQ........x........QQ...............
................Q..................Q........rrr....
................Q..................Q........rRr....
....................Q........Q..............rrr....
.....Q..............QQQ......Q.....................
.....Q..............Q........QQ....................
.....Q........................Q.............QQQ....
..............................Q....................
...................................................
.........................QQQ.......................
...................................................
...................................................
...................................................
...................................................
...................................................
...................................................
.........................................Q.........
.........................................Q.........
.........................................Q.........
.....Q.......sss...Q..rrr..........................
.....Q.......sSs...Q..rRr....QQQ............QQQ....
.....Q.......sss...Q..rrr..........................
.........Q.........................................
.........Q.........................................
.........Q.........................................
...................................................

Q 086 +16,+24 +16,+23 +16,+22 +06,+21 +20,+21 +06,+20 +20,+20 +06,+19 +20,+19 -16,+18 -16,+17 -24,+16 -23,+16 -22,+16 -16,+16 +16,+16 +17,+16 +18,+16 +00,+10 +01,+10 +02,+10 -05,+07 -05,+06 +20,+06 -05,+05 -04,+05 -03,+05 +05,+05 +06,+05 +07,+05 +20,+05 -04,+04 +05,+04 +20,+04 -04,+03 +05,+03 -10,+02 +09,+02 -10,+01 +09,+01 -10,+00 -09,+00 +09,+00 +10,+00 -09,-01 +10,-01 -09,-02 +10,-02 -05,-03 +04,-03 -20,-04 -05,-04 -04,-04 -03,-04 +04,-04 -20,-05 -05,-05 +04,-05 +05,-05 -20,-06 +05,-06 +19,-06 +20,-06 +21,-06 +05,-07 +00,-09 +01,-09 +02,-09 +16,-16 +16,-17 +16,-18 -20,-19 -06,-19 -20,-20 -06,-20 +04,-20 +05,-20 +06,-20 +19,-20 +20,-20 +21,-20 -20,-21 -06,-21 -16,-22 -16,-23 -16,-24
S 003 +11,+20 -20,+11 -11,-20
R 003 -20,+02 +20,-02 -02,-20
