PQS 07

...................................................
...................................................
...................................................
...........Q...........................Q...........
...........Q...........................Q...........
...........Q...........................Q...........
.......Q.......sss...............sss.......Q.......
......QQQ......sSs...............sSs......QQQ......
.......Q.......sss...............sss.......Q.......
...........Q.......Q..rrr.rrr..Q.......Q...........
...........Q.......QQQrRr.rRrQQQ.......Q...........
...QQQ...QQQ.......Q..rrr.rrr..Q.......QQQ...QQQ...
...................................................
...................................................
...................................................
......sss.................................sss......
......sSs.................................sSs......
......sss.................................sss......
...................................................
.........QQQ...........................QQQ.........
..........Q...........QQQQQQQ...........Q..........
..........Q...........QQQQQQQ...........Q..........
.........rrr........QQQQQ.QQQQQ........rrr.........
.........rRr........QQQQQ.QQQQQ........rRr.........
.........rrr........QQQQ...QQQQ........rrr.........
....................QQ...x...QQ....................
.........rrr........QQQQ...QQQQ........rrr.........
.........rRr........QQQQQ.QQQQQ........rRr.........
.........rrr........QQQQQ.QQQQQ........rrr.........
..........Q...........QQQQQQQ...........Q..........
..........Q...........QQQQQQQ...........Q..........
.........QQQ...........................QQQ.........
...................................................
......sss.................................sss......
......sSs.................................sSs......
......sss.................................sss......
...................................................
...................................................
...................................................
...QQQ...QQQ.......Q..rrr.rrr..Q.......QQQ...QQQ...
...........Q.......QQQrRr.rRrQQQ.......Q...........
...........Q.......Q..rrr.rrr..Q.......Q...........
.......Q.......sss...............sss.......Q.......
......QQQ......sSs...............sSs......QQQ......
.......Q.......sss...............sss.......Q.......
...........Q...........................Q...........
...........Q...........................Q...........
...........Q...........................Q...........
...................................................
...................................................
...................................................

Q 192 -14,+22 +14,+22 -14,+21 +14,+21 -14,+20 +14,+20 -18,+19 +18,+19 -19,+18 -18,+18 -17,+18 +17,+18 +18,+18 +19,+18 -18,+17 +18,+17 -14,+16 -06,+16 +06,+16 +14,+16 -14,+15 -06,+15 -05,+15 -04,+15 +04,+15 +05,+15 +06,+15 +14,+15 -22,+14 -21,+14 -20,+14 -16,+14 -15,+14 -14,+14 -06,+14 +06,+14 +14,+14 +15,+14 +16,+14 +20,+14 +21,+14 +22,+14 -16,+06 -15,+06 -14,+06 +14,+06 +15,+06 +16,+06 -15,+05 -03,+05 -02,+05 -01,+05 +00,+05 +01,+05 +02,+05 +03,+05 +15,+05 -15,+04 -03,+04 -02,+04 -01,+04 +00,+04 +01,+04 +02,+04 +03,+04 +15,+04 -05,+03 -04,+03 -03,+03 -02,+03 -01,+03 +01,+03 +02,+03 +03,+03 +04,+03 +05,+03 -05,+02 -04,+02 -03,+02 -02,+02 -01,+02 +01,+02 +02,+02 +03,+02 +04,+02 +05,+02 -05,+01 -04,+01 -03,+01 -02,+01 +02,+01 +03,+01 +04,+01 +05,+01 -05,+00 -04,+00 +04,+00 +05,+00 -05,-01 -04,-01 -03,-01 -02,-01 +02,-01 +03,-01 +04,-01 +05,-01 -05,-02 -04,-02 -03,-02 -02,-02 -01,-02 +01,-02 +02,-02 +03,-02 +04,-02 +05,-02 -05,-03 -04,-03 -03,-03 -02,-03 -01,-03 +01,-03 +02,-03 +03,-03 +04,-03 +05,-03 -15,-04 -03,-04 -02,-04 -01,-04 +00,-04 +01,-04 +02,-04 +03,-04 +15,-04 -15,-05 -03,-05 -02,-05 -01,-05 +00,-05 +01,-05 +02,-05 +03,-05 +15,-05 -16,-06 -15,-06 -14,-06 +14,-06 +15,-06 +16,-06 -22,-14 -21,-14 -20,-14 -16,-14 -15,-14 -14,-14 -06,-14 +06,-14 +14,-14 +15,-14 +16,-14 +20,-14 +21,-14 +22,-14 -14,-15 -06,-15 -05,-15 -04,-15 +04,-15 +05,-15 +06,-15 +14,-15 -14,-16 -06,-16 +06,-16 +14,-16 -18,-17 +18,-17 -19,-18 -18,-18 -17,-18 +17,-18 +18,-18 +19,-18 -18,-19 +18,-19 -14,-20 +14,-20 -14,-21 +14,-21 -14,-22 +14,-22
S 008 -09,+18 +09,+18 -18,+09 +18,+09 -18,-09 +18,-09 -09,-18 +09,-18
R 008 -02,+15 +02,+15 -15,+02 +15,+02 -15,-02 +15,-02 -02,-15 +02,-15
