PQS 06

...................................................
...................................................
...................................................
...........Q...........................Q...........
...........Q.......Q..rrr.rrr..Q.......Q...........
...........Q.......QQQrRr.rRrQQQ.......Q...........
.......Q.......sss.Q..rrr.rrr..Q.sss.......Q.......
......QQQ......sSs...............sSs......QQQ......
.......Q.......sss...............sss.......Q.......
...........Q...........................Q...........
...........Q...........................Q...........
...QQQ...QQQ...........................QQQ...QQQ...
...................................................
...................................................
...................................................
......sss..............QQQQQ..............sss......
......sSs..............QQQQQ..............sSs......
......sss.................................sss......
...................................................
....QQQ.....................................QQQ....
.....Q................Q.....Q................Q.....
.....Q................Q.....Q................Q.....
....rrr.............QQQQQ.QQQQQ.............rrr....
....rRr........QQ.....QQQ.QQQ.....QQ........rRr....
....rrr........QQ.....QQ...QQ.....QQ........rrr....
...............QQ........x........QQ...............
....rrr........QQ.....QQ...QQ.....QQ........rrr....
....rRr........QQ.....QQQ.QQQ.....QQ........rRr....
....rrr.............QQQQQ.QQQQQ.............rrr....
.....Q................Q.....Q................Q.....
.....Q................Q.....Q................Q.....
....QQQ.....................................QQQ....
...................................................
......sss.................................sss......
......sSs..............QQQQQ..............sSs......
......sss..............QQQQQ..............sss......
...................................................
...................................................
...................................................
...QQQ...QQQ...........................QQQ...QQQ...
...........Q...........................Q...........
...........Q...........................Q...........
.......Q.......sss...............sss.......Q.......
......QQQ......sSs...............sSs......QQQ......
.......Q.......sss.Q..rrr.rrr..Q.sss.......Q.......
...........Q.......QQQrRr.rRrQQQ.......Q...........
...........Q.......Q..rrr.rrr..Q.......Q...........
...........Q...........................Q...........
...................................................
...................................................
...................................................

Q 192 -14,+22 +14,+22 -14,+21 -06,+21 +06,+21 +14,+21 -14,+20 -06,+20 -05,+20 -04,+20 +04,+20 +05,+20 +06,+20 +14,+20 -18,+19 -06,+19 +06,+19 +18,+19 -19,+18 -18,+18 -17,+18 +17,+18 +18,+18 +19,+18 -18,+17 +18,+17 -14,+16 +14,+16 -14,+15 +14,+15 -22,+14 -21,+14 -20,+14 -16,+14 -15,+14 -14,+14 +14,+14 +15,+14 +16,+14 +20,+14 +21,+14 +22,+14 -02,+10 -01,+10 +00,+10 +01,+10 +02,+10 -02,+09 -01,+09 +00,+09 +01,+09 +02,+09 -21,+06 -20,+06 -19,+06 +19,+06 +20,+06 +21,+06 -20,+05 -03,+05 +03,+05 +20,+05 -20,+04 -03,+04 +03,+04 +20,+04 -05,+03 -04,+03 -03,+03 -02,+03 -01,+03 +01,+03 +02,+03 +03,+03 +04,+03 +05,+03 -10,+02 -09,+02 -03,+02 -02,+02 -01,+02 +01,+02 +02,+02 +03,+02 +09,+02 +10,+02 -10,+01 -09,+01 -03,+01 -02,+01 +02,+01 +03,+01 +09,+01 +10,+01 -10,+00 -09,+00 +09,+00 +10,+00 -10,-01 -09,-01 -03,-01 -02,-01 +02,-01 +03,-01 +09,-01 +10,-01 -10,-02 -09,-02 -03,-02 -02,-02 -01,-02 +01,-02 +02,-02 +03,-02 +09,-02 +10,-02 -05,-03 -04,-03 -03,-03 -02,-03 -01,-03 +01,-03 +02,-03 +03,-03 +04,-03 +05,-03 -20,-04 -03,-04 +03,-04 +20,-04 -20,-05 -03,-05 +03,-05 +20,-05 -21,-06 -20,-06 -19,-06 +19,-06 +20,-06 +21,-06 -02,-09 -01,-09 +00,-09 +01,-09 +02,-09 -02,-10 -01,-10 +00,-10 +01,-10 +02,-10 -22,-14 -21,-14 -20,-14 -16,-14 -15,-14 -14,-14 +14,-14 +15,-14 +16,-14 +20,-14 +21,-14 +22,-14 -14,-15 +14,-15 -14,-16 +14,-16 -18,-17 +18,-17 -19,-18 -18,-18 -17,-18 +17,-18 +18,-18 +19,-18 -18,-19 -06,-19 +06,-19 +18,-19 -14,-20 -06,-20 -05,-20 -04,-20 +04,-20 +05,-20 +06,-20 +14,-20 -14,-21 -06,-21 +06,-21 +14,-21 -14,-22 +14,-22
S 008 -09,+18 +09,+18 -18,+09 +18,+09 -18,-09 +18,-09 -09,-18 +09,-18
R 008 -02,+20 +02,+20 -20,+02 +20,+02 -20,-02 +20,-02 -02,-20 +02,-20
